{'gpsXMin' : -122.175609,
 'gpsYMin' : 37.4288461,
 'gpsXMax' : -122.170919,
 'gpsYMax' : 37.4315514}