{'gpsXMin' : -122.1717,
 'gpsYMin' : 37.423,
 'gpsXMax' : -122.16755,
 'gpsYMax' : 37.426365 }